   1.0000000e-02   2.2487550e-31
   1.0292748e-02   2.3822918e-31
   1.0594066e-02   2.5237567e-31
   1.0904204e-02   2.6736203e-31
   1.1223423e-02   2.8323809e-31
   1.1551986e-02   3.0005666e-31
   1.1890167e-02   3.1787367e-31
   1.2238249e-02   3.3674839e-31
   1.2596521e-02   3.5674356e-31
   1.2965282e-02   3.7792569e-31
   1.3344837e-02   4.0036520e-31
   1.3735504e-02   4.2413670e-31
   1.4137608e-02   4.4931922e-31
   1.4551483e-02   4.7599650e-31
   1.4977475e-02   5.0425720e-31
   1.5415937e-02   5.3419527e-31
   1.5867235e-02   5.6591022e-31
   1.6331745e-02   5.9950747e-31
   1.6809853e-02   6.3509867e-31
   1.7301957e-02   6.7280210e-31
   1.7808468e-02   7.1274305e-31
   1.8329807e-02   7.5505423e-31
   1.8866408e-02   7.9987623e-31
   1.9418718e-02   8.4735796e-31
   1.9987196e-02   8.9765714e-31
   2.0572317e-02   9.5094087e-31
   2.1174567e-02   1.0073861e-30
   2.1794448e-02   1.0671804e-30
   2.2432475e-02   1.1305221e-30
   2.3089181e-02   1.1976218e-30
   2.3765111e-02   1.2687022e-30
   2.4460829e-02   1.3439992e-30
   2.5176915e-02   1.4237629e-30
   2.5913963e-02   1.5082579e-30
   2.6672588e-02   1.5977647e-30
   2.7453422e-02   1.6925804e-30
   2.8257115e-02   1.7930195e-30
   2.9084336e-02   1.8994154e-30
   2.9935773e-02   2.0121210e-30
   3.0812136e-02   2.1315100e-30
   3.1714154e-02   2.2579786e-30
   3.2642579e-02   2.3919460e-30
   3.3598183e-02   2.5338566e-30
   3.4581762e-02   2.6841807e-30
   3.5594135e-02   2.8434167e-30
   3.6636145e-02   3.0120924e-30
   3.7708660e-02   3.1907666e-30
   3.8812573e-02   3.3800316e-30
   3.9948802e-02   3.5805142e-30
   4.1118294e-02   3.7928785e-30
   4.2322023e-02   4.0178279e-30
   4.3560990e-02   4.2561071e-30
   4.4836228e-02   4.5085052e-30
   4.6148799e-02   4.7758574e-30
   4.7499794e-02   5.0590487e-30
   4.8890340e-02   5.3590160e-30
   5.0321594e-02   5.6767516e-30
   5.1794747e-02   6.0133066e-30
   5.3311026e-02   6.3697938e-30
   5.4871694e-02   6.7473918e-30
   5.6478051e-02   7.1473487e-30
   5.8131433e-02   7.5709863e-30
   5.9833217e-02   8.0197041e-30
   6.1584821e-02   8.4949844e-30
   6.3387703e-02   8.9983966e-30
   6.5243363e-02   9.5316027e-30
   6.7153348e-02   1.0096363e-29
   6.9119247e-02   1.0694540e-29
   7.1142697e-02   1.1328108e-29
   7.3225383e-02   1.1999156e-29
   7.5369040e-02   1.2709896e-29
   7.7575451e-02   1.3462672e-29
   7.9846455e-02   1.4259962e-29
   8.2183942e-02   1.5104394e-29
   8.4589858e-02   1.5998748e-29
   8.7066207e-02   1.6945968e-29
   8.9615050e-02   1.7949171e-29
   9.2238510e-02   1.9011656e-29
   9.4938772e-02   2.0136918e-29
   9.7718083e-02   2.1328655e-29
   1.0057876e-01   2.2590782e-29
   1.0352318e-01   2.3927445e-29
   1.0655380e-01   2.5343033e-29
   1.0967313e-01   2.6842190e-29
   1.1288379e-01   2.8429835e-29
   1.1618844e-01   3.0111173e-29
   1.1958983e-01   3.1891714e-29
   1.2309079e-01   3.3777291e-29
   1.2669425e-01   3.5774078e-29
   1.3040319e-01   3.7888609e-29
   1.3422072e-01   4.0127801e-29
   1.3815000e-01   4.2498974e-29
   1.4219431e-01   4.5009876e-29
   1.4635701e-01   4.7668707e-29
   1.5064158e-01   5.0484144e-29
   1.5505158e-01   5.3465371e-29
   1.5959068e-01   5.6622108e-29
   1.6426266e-01   5.9964637e-29
   1.6907141e-01   6.3503843e-29
   1.7402094e-01   6.7251240e-29
   1.7911536e-01   7.1219014e-29
   1.8435892e-01   7.5420058e-29
   1.8975599e-01   7.9868012e-29
   1.9531105e-01   8.4577308e-29
   2.0102874e-01   8.9563216e-29
   2.0691381e-01   9.4841889e-29
   2.1297116e-01   1.0043041e-28
   2.1920585e-01   1.0634687e-28
   2.2562305e-01   1.1261038e-28
   2.3222811e-01   1.1924116e-28
   2.3902653e-01   1.2626062e-28
   2.4602398e-01   1.3369137e-28
   2.5322628e-01   1.4155735e-28
   2.6063942e-01   1.4988387e-28
   2.6826958e-01   1.5869768e-28
   2.7612311e-01   1.6802710e-28
   2.8420655e-01   1.7790205e-28
   2.9252663e-01   1.8835417e-28
   3.0109028e-01   1.9941691e-28
   3.0990463e-01   2.1112566e-28
   3.1897702e-01   2.2351780e-28
   3.2831500e-01   2.3663287e-28
   3.3792635e-01   2.5051264e-28
   3.4781907e-01   2.6520130e-28
   3.5800139e-01   2.8074551e-28
   3.6848180e-01   2.9719463e-28
   3.7926902e-01   3.1460079e-28
   3.9037203e-01   3.3301908e-28
   4.0180009e-01   3.5250774e-28
   4.1356269e-01   3.7312827e-28
   4.2566965e-01   3.9494567e-28
   4.3813103e-01   4.1802860e-28
   4.5095721e-01   4.4244959e-28
   4.6415888e-01   4.6828524e-28
   4.7774703e-01   4.9561648e-28
   4.9173296e-01   5.2452877e-28
   5.0612834e-01   5.5511235e-28
   5.2094513e-01   5.8746251e-28
   5.3619568e-01   6.2167988e-28
   5.5189268e-01   6.5787068e-28
   5.6804922e-01   6.9614705e-28
   5.8467873e-01   7.3662736e-28
   6.0179506e-01   7.7943655e-28
   6.1941248e-01   8.2470648e-28
   6.3754564e-01   8.7257629e-28
   6.5620964e-01   9.2319280e-28
   6.7542003e-01   9.7671090e-28
   6.9519280e-01   1.0332940e-27
   7.1554441e-01   1.0931145e-27
   7.3649181e-01   1.1563542e-27
   7.5805244e-01   1.2232048e-27
   7.8024425e-01   1.2938685e-27
   8.0308572e-01   1.3685584e-27
   8.2659587e-01   1.4474993e-27
   8.5079428e-01   1.5309280e-27
   8.7570109e-01   1.6190943e-27
   9.0133704e-01   1.7122611e-27
   9.2772348e-01   1.8107058e-27
   9.5488237e-01   1.9147205e-27
   9.8283633e-01   2.0246127e-27
   1.0116086e+00   2.1407067e-27
   1.0412233e+00   2.2633436e-27
   1.0717048e+00   2.3928828e-27
   1.1030787e+00   2.5297027e-27
   1.1353711e+00   2.6742016e-27
   1.1686089e+00   2.8267986e-27
   1.2028196e+00   2.9879348e-27
   1.2380319e+00   3.1580743e-27
   1.2742750e+00   3.3377055e-27
   1.3115791e+00   3.5273418e-27
   1.3499753e+00   3.7275233e-27
   1.3894955e+00   3.9388178e-27
   1.4301727e+00   4.1618224e-27
   1.4720406e+00   4.3971645e-27
   1.5151343e+00   4.6455034e-27
   1.5594895e+00   4.9075319e-27
   1.6051432e+00   5.1839779e-27
   1.6521334e+00   5.4756058e-27
   1.7004992e+00   5.7832180e-27
   1.7502810e+00   6.1076574e-27
   1.8015200e+00   6.4498084e-27
   1.8542591e+00   6.8105992e-27
   1.9085421e+00   7.1910036e-27
   1.9644143e+00   7.5920432e-27
   2.0219221e+00   8.0147893e-27
   2.0811134e+00   8.4603651e-27
   2.1420375e+00   8.9299480e-27
   2.2047452e+00   9.4247720e-27
   2.2692886e+00   9.9461300e-27
   2.3357215e+00   1.0495376e-26
   2.4040992e+00   1.1073928e-26
   2.4744786e+00   1.1683272e-26
   2.5469184e+00   1.2324960e-26
   2.6214789e+00   1.3000620e-26
   2.6982221e+00   1.3711951e-26
   2.7772119e+00   1.4460734e-26
   2.8585142e+00   1.5248829e-26
   2.9421965e+00   1.6078178e-26
   3.0283287e+00   1.6950815e-26
   3.1169823e+00   1.7868860e-26
   3.2082312e+00   1.8834531e-26
   3.3021515e+00   1.9850140e-26
   3.3988212e+00   2.0918102e-26
   3.4983209e+00   2.2040936e-26
   3.6007335e+00   2.3221269e-26
   3.7061441e+00   2.4461841e-26
   3.8146407e+00   2.5765507e-26
   3.9263134e+00   2.7135241e-26
   4.0412553e+00   2.8574142e-26
   4.1595622e+00   3.0085435e-26
   4.2813324e+00   3.1672479e-26
   4.4066674e+00   3.3338766e-26
   4.5356716e+00   3.5087930e-26
   4.6684524e+00   3.6923748e-26
   4.8051203e+00   3.8850144e-26
   4.9457891e+00   4.0871198e-26
   5.0905759e+00   4.2991144e-26
   5.2396014e+00   4.5214376e-26
   5.3929895e+00   4.7545457e-26
   5.5508680e+00   4.9989115e-26
   5.7133684e+00   5.2550255e-26
   5.8806260e+00   5.5233957e-26
   6.0527800e+00   5.8045487e-26
   6.2299737e+00   6.0990294e-26
   6.4123548e+00   6.4074018e-26
   6.6000750e+00   6.7302493e-26
   6.7932907e+00   7.0681752e-26
   6.9921628e+00   7.4218030e-26
   7.1968567e+00   7.7917768e-26
   7.4075431e+00   8.1787616e-26
   7.6243972e+00   8.5834438e-26
   7.8475997e+00   9.0065313e-26
   8.0773364e+00   9.4487542e-26
   8.3137986e+00   9.9108648e-26
   8.5571831e+00   1.0393638e-25
   8.8076927e+00   1.0897872e-25
   9.0655359e+00   1.1424388e-25
   9.3309274e+00   1.1974030e-25
   9.6040882e+00   1.2547666e-25
   9.8852457e+00   1.3146189e-25
   1.0174634e+01   1.3770514e-25
   1.0472494e+01   1.4421584e-25
   1.0779074e+01   1.5100362e-25
   1.1094629e+01   1.5807839e-25
   1.1419422e+01   1.6545029e-25
   1.1753723e+01   1.7312972e-25
   1.2097810e+01   1.8112733e-25
   1.2451971e+01   1.8945401e-25
   1.2816499e+01   1.9812093e-25
   1.3191700e+01   2.0713949e-25
   1.3577884e+01   2.1652135e-25
   1.3975373e+01   2.2627844e-25
   1.4384499e+01   2.3642292e-25
   1.4805602e+01   2.4696723e-25
   1.5239032e+01   2.5792408e-25
   1.5685152e+01   2.6930640e-25
   1.6144331e+01   2.8112743e-25
   1.6616953e+01   2.9340063e-25
   1.7103410e+01   3.0613977e-25
   1.7604108e+01   3.1935884e-25
   1.8119465e+01   3.3307215e-25
   1.8649908e+01   3.4729424e-25
   1.9195880e+01   3.6203996e-25
   1.9757835e+01   3.7732443e-25
   2.0336241e+01   3.9316306e-25
   2.0931580e+01   4.0957154e-25
   2.1544347e+01   4.2656588e-25
   2.2175053e+01   4.4416238e-25
   2.2824222e+01   4.6237767e-25
   2.3492396e+01   4.8122869e-25
   2.4180131e+01   5.0073272e-25
   2.4887999e+01   5.2090740e-25
   2.5616589e+01   5.4177071e-25
   2.6366509e+01   5.6334101e-25
   2.7138383e+01   5.8563705e-25
   2.7932853e+01   6.0867800e-25
   2.8750580e+01   6.3248342e-25
   2.9592247e+01   6.5707335e-25
   3.0458553e+01   6.8246826e-25
   3.1350221e+01   7.0868913e-25
   3.2267991e+01   7.3575745e-25
   3.3212629e+01   7.6369523e-25
   3.4184921e+01   7.9252506e-25
   3.5185677e+01   8.2227009e-25
   3.6215730e+01   8.5295413e-25
   3.7275937e+01   8.8460161e-25
   3.8367182e+01   9.1723765e-25
   3.9490372e+01   9.5088809e-25
   4.0646444e+01   9.8557952e-25
   4.1836359e+01   1.0213393e-24
   4.3061109e+01   1.0581956e-24
   4.4321713e+01   1.0961775e-24
   4.5619221e+01   1.1353150e-24
   4.6954714e+01   1.1756388e-24
   4.8329302e+01   1.2171810e-24
   4.9744132e+01   1.2599742e-24
   5.1200380e+01   1.3040525e-24
   5.2699259e+01   1.3494507e-24
   5.4242018e+01   1.3962052e-24
   5.5829941e+01   1.4443531e-24
   5.7464350e+01   1.4939329e-24
   5.9146605e+01   1.5449845e-24
   6.0878109e+01   1.5975488e-24
   6.2660302e+01   1.6516683e-24
   6.4494668e+01   1.7073868e-24
   6.6382734e+01   1.7647492e-24
   6.8326074e+01   1.8238024e-24
   7.0326304e+01   1.8845943e-24
   7.2385091e+01   1.9471747e-24
   7.4504148e+01   2.0115947e-24
   7.6685240e+01   2.0779071e-24
   7.8930183e+01   2.1461664e-24
   8.1240846e+01   2.2164288e-24
   8.3619153e+01   2.2887522e-24
   8.6067085e+01   2.3631963e-24
   8.8586679e+01   2.4398226e-24
   9.1180034e+01   2.5186945e-24
   9.3849309e+01   2.5998774e-24
   9.6596726e+01   2.6834384e-24
   9.9424573e+01   2.7694471e-24
   1.0233520e+02   2.8579746e-24
   1.0533104e+02   2.9490946e-24
   1.0841459e+02   3.0428829e-24
   1.1158840e+02   3.1394172e-24
   1.1485512e+02   3.2387781e-24
   1.1821748e+02   3.3410480e-24
   1.2167827e+02   3.4463121e-24
   1.2524038e+02   3.5546579e-24
   1.2890676e+02   3.6661757e-24
   1.3268047e+02   3.7809583e-24
   1.3656467e+02   3.8991011e-24
   1.4056257e+02   4.0207027e-24
   1.4467750e+02   4.1458641e-24
   1.4891290e+02   4.2746896e-24
   1.5327229e+02   4.4072865e-24
   1.5775931e+02   4.5437652e-24
   1.6237767e+02   4.6842392e-24
   1.6713124e+02   4.8288256e-24
   1.7202397e+02   4.9776447e-24
   1.7705994e+02   5.1308205e-24
   1.8224332e+02   5.2884805e-24
   1.8757846e+02   5.4507559e-24
   1.9306977e+02   5.6177819e-24
   1.9872185e+02   5.7896976e-24
   2.0453938e+02   5.9666460e-24
   2.1052723e+02   6.1487746e-24
   2.1669036e+02   6.3362349e-24
   2.2303393e+02   6.5291831e-24
   2.2956319e+02   6.7277798e-24
   2.3628360e+02   6.9321904e-24
   2.4320075e+02   7.1425851e-24
   2.5032040e+02   7.3591390e-24
   2.5764847e+02   7.5820325e-24
   2.6519107e+02   7.8114512e-24
   2.7295448e+02   8.0475860e-24
   2.8094516e+02   8.2906336e-24
   2.8916977e+02   8.5407964e-24
   2.9763514e+02   8.7982826e-24
   3.0634835e+02   9.0633067e-24
   3.1531662e+02   9.3360893e-24
   3.2454745e+02   9.6168576e-24
   3.3404850e+02   9.9058453e-24
   3.4382769e+02   1.0203293e-23
   3.5389317e+02   1.0509448e-23
   3.6425331e+02   1.0824567e-23
   3.7491674e+02   1.1148910e-23
   3.8589235e+02   1.1482748e-23
   3.9718926e+02   1.1826359e-23
   4.0881688e+02   1.2180029e-23
   4.2078490e+02   1.2544053e-23
   4.3310329e+02   1.2918734e-23
   4.4578229e+02   1.3304383e-23
   4.5883246e+02   1.3701322e-23
   4.7226468e+02   1.4109882e-23
   4.8609012e+02   1.4530402e-23
   5.0032030e+02   1.4963232e-23
   5.1496706e+02   1.5408734e-23
   5.3004260e+02   1.5867278e-23
   5.4555948e+02   1.6339245e-23
   5.6153061e+02   1.6825029e-23
   5.7796929e+02   1.7325034e-23
   5.9488921e+02   1.7839677e-23
   6.1230445e+02   1.8369386e-23
   6.3022953e+02   1.8914602e-23
   6.4867935e+02   1.9475779e-23
   6.6766929e+02   2.0053384e-23
   6.8721516e+02   2.0647899e-23
   7.0733323e+02   2.1259818e-23
   7.2804025e+02   2.1889650e-23
   7.4935346e+02   2.2537921e-23
   7.7129061e+02   2.3205170e-23
   7.9386997e+02   2.3891953e-23
   8.1711033e+02   2.4598840e-23
   8.4103105e+02   2.5326422e-23
   8.6565204e+02   2.6075304e-23
   8.9099381e+02   2.6846109e-23
   9.1707745e+02   2.7639479e-23
   9.4392468e+02   2.8456075e-23
   9.7155786e+02   2.9296576e-23
   1.0000000e+03   3.0161683e-23
